aktualny błąd: 
5.96046e-08           0 4.84288e-07 1.05705e-07
2.98023e-08           0  8.9407e-08 5.72763e-08
4.76837e-07  1.2666e-07 5.96046e-08 1.15484e-07
          0           0           0           0;
aktualny błąd: 
 2.3365e-05 0.000832379  0.00106897 0.000671276
0.000921801 9.09567e-05 7.35149e-05 0.000291339
0.000978328 7.96467e-05 9.98378e-05 2.06921e-05
          0           0           0           0;
aktualny błąd: 
0.000104189 0.000227593 0.000810161  0.00091473
0.000263415 7.68304e-05 0.000997886  6.7526e-05
 0.00073421  0.00109691 1.92523e-05 3.43435e-05
          0           0           0           0;
aktualny błąd: 
5.96046e-08           0 4.84288e-07 1.05705e-07
2.98023e-08           0  8.9407e-08 5.72763e-08
4.76837e-07  1.2666e-07 5.96046e-08 1.15484e-07
          0           0           0           0;
